41, 295, 842, 1365, 66, 1093, 102, 5340,
343, 1539, 333, 933, 854, 1630, 1434, 279,
1029, 574, 787, 2701, 1644, 853, 456, 846,
490, 328, 2360, 384, 1202, 1061, 342, 246,
445, 715, 736, 295, 345, 772, 41, 1510, 315,
889, 409, 809, 66, 64, 752, 746, 45, 1774,
469, 1508, 212, 581, 1136, 266, 186, 720,
295, 4668, 139, 586, 254, 2023, 1502, 292,
946, 1779, 152, 291, 7, 979, 646, 58, 2115,
957, 897, 5961, 392, 832, 2091, 2, 265, 187,
823, 1464, 449, 258, 533, 36, 525, 1571,
707, 1160, 1576, 25, 609, 486, 48, 230
